28432
24495
22417
25197
22688
22258
27239
23270
22066
25260
50292
47563
50622
42275
42285
81013
83375
47476
35682
45942
32048
47391
31711
37325
35609
36711
34787
65864
31605
34788
38103
36054
33373
35133
34926
37493
35458
35978
34143
37296
37218
64340
41099
35188
38136
32585
33258
33208
35667
36582
37173
33309
37859
37585
36516
37700
36223
35950
36910
33867
36357
36408
35340
36280
31685
31564
35568
32096
57684
35998
32565
38147
32413
36927
36195
35651
35978
34356
34298
36238
36042
36245
36876
33330
31734
31976
34104
35959
36171
70884
75213
74224
70848
46438
46631
43428
46484
41058
46086
43172
