2075
2251
2125
2224
2214
2301
2111
2161
2281
2454
2181
2211
2094
2464
2378
2213
2004
2050
1991
2364
2201
2068
2118
2103
1824
2104
2069
2096
1943
2011
2062
1899
2024
1958
1755
1748
1571
1828
1784
1916
1851
1820
1742
1806
1733
1920
2025
2036
1872
1752
1908
1904
1826
1974
1793
1772
1845
1807
1908
1800
1723
1811
1892
1665
1886
1802
1860
1760
1657
1960
1759
1446
1918
1813
1541
1776
1844
2082
1905
1680
1848
1646
1704
1533
1640
1718
1697
1910
1750
1593
1657
1610
1742
1574
1661
1979
1452
1737
1811
1810
