2810
2079
2187
1985
2318
2877
2831
2581
2637
2894
2694
2103
2420
2251
2390
2315
2361
2731
2250
2485
2410
2320
2386
2295
2535
2560
2368
2457
2210
2408
2477
2333
2212
2485
2191
2447
2555
2380
2408
2372
2213
2303
2153
2495
2460
2113
2277
2383
2258
2046
2171
1978
2091
2010
2490
2109
2478
2400
2288
2303
1947
2220
2468
2274
1986
2427
2385
2410
2335
2318
2149
2217
2225
2269
1808
2438
2185
2378
2205
2205
2295
2317
2413
2250
2063
2451
2281
2210
2207
1992
2126
2133
2072
2076
1912
2307
2074
2045
2196
2118
